499.6
186.7
507.4
174.8
507.4
165.7
509.2
267.08
254.66
320.4
217.4
165.0
63.75
179.18
95.28
508.0
482.8
97.75
494.2
179.69
370.2
34.0
256.73
63.75
481.0
256.73
275.36
105.4
240.17
485.8
339.6
354.0
352.2
242.93
63.75
95.28
362.4
34.0
174.08
353.4
34.0
250.52
93.5
97.75
34.0
34.0
497.2
230.51
97.75
316.2
477.4
144.75
193.7
483.4
145.35
374.4
496.0
343.8
34.0
479.8
34.0
101.83
120.27
220.85
485.8
137.02
326.4
181.22
496.6
499.0
318.0
97.75
34.0
508.0
97.07
162.35
181.8
370.2
359.4
63.75
98.26
97.67
99.45
186.0
97.75
490.6
243.62
112.54
219.47
322.8
246.38
328.8
159.8
222.92
342.6
97.75
397.95
269.84
131.66
349.2
900.62
1011.45
940.05
1561.38
1252.28
232.58
928.65
1256.62
938.55
964.05
291.42
934.05
1283.08
1242.83
1342.88
333.24
1035.67
289.89
986.25
299.07
1319.3
1239.95
346.5
1321.97
290.4
1230.75
906.62
929.68
202.49
966.99
975.45
1016.85
1232.32
1042.49
986.85
851.99
315.39
1251.45
943.05
1049.38
341.91
949.05
1185.37
905.95
1164.38
1222.12
1194.53
1169.22
1107.09
977.25
1063.92
1064.25
1040.25
1172.67
288.36
324.57
1323.85
943.05
883.84
282.75
1043.25
283.07
1228.15
936.45
995.85
1292.65
866.43
840.02
1559.07
189.93
807.27
1122.4
965.25
303.66
320.49
1307.21
1212.92
844.83
821.6
248.84
1197.4
934.05
338.34
1563.1
1196.57
267.88
307.23
1110.44
296.52
1170.95
992.85
1183.03
1083.88
257.57
217.37
1212.54
1174.15
687.1
707.62
1019.25
1983.92
291.89
663.0
443.27
209.78
2213.0
484.5
446.39
1559.35
546.12
381.14
389.13
271.15
485.35
1701.5
419.39
355.81
374.34
1507.95
501.5
514.46
535.5
2176.0
459.85
666.4
220.15
488.32
1725.45
417.18
397.12
214.5
413.1
447.95
241.57
488.75
1738.5
519.39
467.93
448.8
261.63
482.8
216.92
236.13
444.55
272.0
1979.5
1895.21
2003.0
373.49
579.7
1693.64
626.21
1887.0
295.97
1984.5
465.8
305.32
414.8
500.22
495.97
290.02
419.56
522.32
656.04
401.2
400.52
541.88
1496.41
521.48
1894.5
463.25
478.12
401.62
1442.39
454.92
288.15
512.12
513.4
475.57
366.01
1940.8
1393.95
591.17
2075.07
400.77
615.82
1917.8
268.43
466.65
1513.51
1761.42
1725.45
1949.42
2054.0
462.82
224.74
396.78
2107.5
435.62
460.27
1484.77
1165.3
888.8
1210.2
848.6
992.19
711.8
1043.6
1076.8
1301.5
914.0
949.4
1007.22
845.6
858.8
1206.95
1212.67
711.58
907.4
754.4
1342.55
994.24
945.0
1002.62
1046.33
860.6
1399.77
1256.88
701.6
1058.06
752.17
905.16
884.4
1608.25
1112.8
951.88
878.4
825.29
1210.95
1262.12
864.02
969.22
1126.0
1440.21
1242.24
1072.23
1108.42
828.27
801.2
1330.28
1498.42
1313.88
865.2
1328.28
735.0
924.6
995.6
1181.8
735.6
885.6
891.6
878.0
1694.85
1128.4
791.28
1295.15
1411.59
875.0
960.0
866.6
1280.78
853.4
1194.4
1039.6
1186.6
1243.88
971.0
755.4
967.8
1294.0
880.58
1248.9
873.8
628.8
1372.65
998.01
1607.1
715.85
990.86
1240.53
828.6
1216.12
858.08
901.4
1482.32
1310.52
1061.28
1065.6
1269.82
1303.45
413.61
695.6
345.44
431.38
833.85
543.4
213.94
1045.0
261.2
377.06
843.6
1079.8
232.05
1343.7
241.06
222.02
564.4
624.28
1394.72
546.06
1264.53
551.2
903.79
381.56
304.04
385.22
463.68
765.8
209.69
521.05
217.34
1008.0
248.2
1086.77
622.9
533.38
893.99
1091.72
225.74
1036.67
1374.2
364.14
659.28
542.84
223.21
492.15
732.39
338.34
430.52
749.2
477.1
425.24
472.35
536.72
934.61
783.13
1077.17
1185.67
490.31
450.11
1174.72
1113.58
859.18
812.94
1294.72
546.28
1201.17
951.14
980.2
349.8
1037.78
796.5
1089.27
821.43
916.7
1264.37
949.11
1306.02
1289.25
488.73
689.6
859.32
408.72
405.51
1160.37
873.18
1320.26
990.43
1000.66
1385.33
453.11
739.75
545.52
1114.06
485.83
372.01
932.03
792.09
1192.52
1230.49
940.98
964.65
816.2
363.28
929.06
353.95
1293.87
721.88
952.92
770.98
871.72
982.21
726.35
459.98
364.45
939.29
1097.17
1212.54
903.81
510.95
1234.53
1241.06
1163.79
467.66
486.1
442.41
768.86
524.98
1301.66
377.59
720.78
1072.2
570.22
855.74
456.46
523.77
1430.97
416.02
1135.97
739.9
563.63
863.24
771.52
399.18
493.02
454.99
1104.11
1208.18
502.01
1270.96
323.65
289.29
337.0
263.78
299.34
224.55
222.09
325.81
197.67
278.69
255.85
312.14
268.31
349.06
279.81
223.33
259.58
216.47
209.76
250.99
267.97
275.68
318.96
321.73
306.01
233.82
197.46
224.83
263.49
289.94
197.24
312.48
235.54
221.03
250.48
306.03
265.53
288.56
287.72
280.73
220.04
320.25
283.02
275.19
266.81
337.22
324.91
254.76
262.92
254.56
239.03
310.51
272.91
289.02
210.56
277.94
319.57
265.43
265.06
304.93
403.83
249.19
250.78
219.55
262.71
371.38
282.78
291.34
391.05
301.31
299.57
207.53
262.96
211.84
336.23
318.16
318.06
287.63
324.56
248.3
293.2
289.87
253.67
349.43
246.98
323.1
346.18
294.58
288.63
388.59
250.96
349.73
286.91
223.1
301.8
267.45
279.81
204.95
313.49
267.39
1685.78
1880.95
1929.3
1858.28
1757.53
1998.3
1903.42
1992.5
1959.26
1914.3
1871.5
1983.3
1680.03
1972.95
1905.72
1929.3
1713.5
1902.28
1740.4
1814.57
1736.38
1680.6
1883.25
1878.07
1920.03
1817.32
1847.6
1876.67
1605.15
1965.47
1872.38
1736.5
1971.22
1974.67
1959.15
1736.5
1651.15
1959.78
2013.25
1617.8
1690.95
1966.67
1953.97
1681.17
1683.47
1973.57
1802.75
1734.5
2023.03
1905.42
1689.1
1808.82
1807.55
1857.95
1995.42
1771.45
1890.72
1807.67
1806.97
1820.78
1805.25
1820.0
1750.62
1762.25
1890.15
1831.25
1985.03
1730.5
2020.72
1661.5
2032.22
1861.97
1840.12
1961.45
1895.95
1901.97
1792.4
1940.75
1922.97
1782.82
1904.0
1804.47
1700.5
1994.28
1736.47
1697.28
1851.95
1787.8
1779.38
1983.88
1679.9
1932.12
1986.22
1692.67
1912.62
1711.0
1888.17
1949.14
1680.47
1769.72
662.6
321.38
403.08
479.4
741.8
1029.56
1425.13
1509.69
704.92
572.9
2270.5
1112.8
545.27
267.16
1075.4
2430.0
369.58
1783.78
503.2
738.65
542.8
2374.0
442.43
436.56
462.4
292.4
385.73
289.51
518.07
1572.52
454.32
347.48
668.95
197.1
1447.8
2093.5
170.18
431.97
244.71
148.92
1963.22
1690.15
430.78
748.9
678.8
407.83
2298.5
1043.57
225.67
881.0
254.32
987.4
564.4
2248.5
225.93
255.17
1407.61
1828.25
157.25
2364.5
1571.6
454.32
59.5
169.5
1683.9
165.49
416.07
2270.3
666.8
333.04
1867.36
717.2
1082.8
219.89
309.82
1046.33
1549.59
1255.15
642.2
220.41
522.36
439.88
698.0
1798.15
308.96
1899.91
356.49
214.2
1249.47
489.18
2148.1
1008.8
566.1
902.0
1098.2
1278.47
1923.55
470.19
381.6
977.85
391.17
1735.67
429.68
423.3
1975.25
1751.9
1875.78
1674.15
677.0
427.21
1833.02
248.88
442.43
1042.6
1030.4
501.5
683.82
822.8
395.25
1461.0
1306.31
520.2
1649.42
1311.41
123.25
2236.53
458.5
1709.9
979.05
464.1
693.0
1295.72
594.39
59.5
528.84
668.0
1087.4
346.22
1710.5
471.57
686.0
585.4
1074.04
455.94
1299.78
2136.03
2146.0
1296.03
809.38
329.97
1118.5
364.99
743.75
2239.09
1319.5
754.96
1034.8
623.0
1440.6
512.98
507.88
161.5
335.18
509.8
214.46
340.34
239.7
1237.65
490.88
2243.01
623.9
2394.5
1080.4
762.45
190.57
574.6
431.38
2525.0
1196.0
494.27
303.96
2052.0
1982.5
173.4
350.37
796.15
665.71
123.25
1015.8
648.12
2283.0
674.48
1280.8
364.31
1448.01
1211.0
487.47
1686.92
509.2
409.53
1130.6
546.4
506.18
1166.6
1234.74
418.2
771.2
1220.8
1012.0
2286.0
1030.6
549.1
1823.9
989.0
450.5
2430.5
355.81
2276.62
1250.2
359.04
292.44
2520.0
1943.05
1960.35
218.79
1145.5
1169.73
206.21
840.42
740.77
89.25
400.69
557.6
1743.85
558.88
1065.88
685.1
2428.5
2342.5
434.18
972.72
443.7
480.25
1218.1
2325.0
445.74
584.8
1786.85
527.42
1942.47
721.6
737.0
2174.0
375.7
395.93
2550.0
997.6
2271.45
215.13
2311.7
574.04
473.45
410.55
346.63
1398.0
1259.75
904.76
1042.6
305.97
515.1
1227.3
220.01
342.89
1865.5
237.86
647.7
414.46
2012.1
347.65
941.85
203.06
238.51
497.79
933.8
766.4
383.52
1622.4
1414.51
515.1
1357.5
328.95
255.98
489.18
1608.25
1193.7
332.18
308.71
680.85
1045.0
1326.5
236.55
670.23
885.2
2455.5
941.0
283.05
576.73
1314.0
231.11
444.04
310.08
460.7
469.2
1204.4
323.51
791.32
301.58
281.35
346.97
1184.75
669.2
296.65
904.33
390.32
193.46
1061.28
1470.89
1031.95
419.22
1458.39
198.73
555.6
1687.5
187.0
1297.5
402.44
320.62
595.85
304.13
1035.99
1909.0
946.05
1557.9
1499.78
195.16
872.0
747.8
462.91
513.82
463.93
419.05
1505.79
443.02
1304.9
770.52
468.35
443.7
218.62
312.29
454.41
699.98
293.08
1835.53
601.38
920.63
1485.0
1999.0
412.08
410.72
555.48
994.0
453.47
2188.5
848.08
1247.5
1130.6
1948.22
1800.78
1504.2
1110.0
943.4
2014.4
312.46
358.7
728.12
367.8
1293.08
885.44
439.45
2093.0
1211.8
159.8
571.62
967.05
268.26
1423.54
1738.67
254.66
432.65
123.25
1321.0
492.57
350.76
2487.0
722.0
1325.5
394.91
1493.82
481.52
1156.32
216.07
344.93
302.51
274.21
1350.6
2003.0
209.69
999.8
1295.15
386.75
173.4
999.4
537.62
1738.67
467.07
419.05
312.12
1141.4
514.67
493.43
189.23
447.95
246.86
361.76
673.62
366.18
943.05
1079.8
487.9
360.74
241.66
255.21
241.57
410.21
257.72
2293.0
410.55
213.01
556.32
568.69
1732.7
261.46
1003.2
1765.91
701.48
218.1
477.27
1381.01
1919.0
198.73
2067.03
383.4
536.35
174.25
1820.78
230.94
552.6
227.58
525.73
769.8
380.8
1156.4
1153.0
378.08
749.72
1974.5
550.23
1339.1
339.63
1265.2
287.81
299.03
1138.4
586.5
398.48
497.5
444.55
948.78
939.2
355.47
218.1
384.03
179.78
1157.38
368.39
254.15
1895.0
2207.0
1975.25
981.8
2051.0
1741.55
389.98
538.52
695.0
195.5
1191.4
441.57
1702.9
678.73
1199.2
1058.8
443.87
595.1
1234.78
1821.5
528.7
1617.79
1779.75
941.85
1516.2
376.8
1314.91
345.78
673.33
341.53
546.98
394.91
1210.4
315.01
331.16
346.97
693.8
361.76
634.52
751.4
2256.5
319.31
521.72
407.24
766.4
2084.5
1615.5
499.38
776.14
457.81
1212.2
1118.0
580.6
132.6
518.07
719.0
363.63
592.6
278.63
579.27
2209.0
681.27
363.0
197.54
375.21
163.54
363.8
334.94
478.97
1557.8
944.97
1217.0
1746.72
225.25
523.6
498.5
225.25
612.47
298.08
723.08
1024.4
312.8
621.2
144.58
1321.2
363.29
545.27
558.02
1082.0
289.59
514.67
938.99
1613.12
89.25
624.72
767.0
1022.6
830.0
1023.9
253.64
631.12
328.44
707.0
1649.35
473.88
424.32
342.08
1101.53
2516.5
2124.53
1308.0
513.07
757.2
267.75
1364.97
193.63
893.0
403.58
1749.6
1189.0
259.25
310.29
1079.2
2133.15
456.79
2169.95
1429.4
381.14
521.05
207.91
840.42
795.71
1876.92
280.2
275.23
774.8
257.7
214.2
1468.53
737.0
494.27
146.2
321.64
235.83
878.0
2285.5
356.49
495.97
2149.82
1607.38
1211.8
388.96
1189.6
1145.8
216.92
1176.2
408.68
2267.54
398.26
896.1
643.88
225.25
609.88
165.58
861.2
257.55
1149.03
382.33
1056.2
1213.6
1594.15
1731.2
269.96
521.48
507.45
485.92
385.9
2255.77
304.64
236.98
332.52
1996.15
337.25
455.18
1211.2
1053.2
163.54
324.02
1008.45
89.25
388.45
911.66
442.68
443.87
264.18
496.4
1144.0
2021.5
1061.89
1808.82
1339.1
2440.5
1007.0
544.85
529.98
330.48
283.56
538.0
1184.6
1996.0
928.22
423.3
801.67
441.76
1253.0
234.43
191.16
1613.25
2402.5
475.02
820.4
242.93
333.54
896.4
426.53
370.94
888.8
216.92
408.0
887.6
243.1
1419.6
1306.0
1026.8
2114.0
1441.27
573.08
1246.8
1266.4
396.44
412.59
891.2
1009.4
776.04
682.55
329.97
879.8
667.4
747.57
312.12
1769.72
1468.21
325.55
413.1
173.4
393.55
483.08
566.52
620.5
1861.5
814.99
252.98
1181.2
484.5
547.4
379.95
2229.5
1143.5
342.93
462.82
404.6
359.55
2129.5
322.15
125.56
478.04
870.01
887.6
968.5
869.0
260.01
302.6
1874.01
689.6
311.82
522.65
575.02
1344.78
227.63
404.6
2439.0
282.54
422.48
1073.0
123.25
187.94
586.92
132.6
349.86
544.42
352.75
687.65
773.6
475.57
180.12
308.38
1570.68
274.55
225.1
1510.2
397.09
557.1
1744.7
481.52
1129.3
89.25
917.6
132.6
358.19
789.2
535.07
568.8
515.73
1136.44
1215.8
312.29
438.26
307.87
1309.0
539.75
735.43
536.35
563.0
250.75
205.39
1275.5
610.3
179.52
409.02
1176.2
1174.4
1750.1
674.48
335.75
717.8
476.69
822.02
1348.04
283.93
1593.0
1065.88
1196.6
490.45
2505.0
1814.45
531.25
468.1
598.86
1289.43
2484.0
427.89
1205.53
1032.8
1007.0
1985.5
422.96
2263.44
1382.4
572.9
242.93
2532.5
1329.5
171.55
1005.5
359.21
579.21
1497.0
225.25
1073.8
457.72
260.95
2016.0
1029.2
144.58
1098.4
434.35
1020.6
277.1
1216.6
247.69
777.0
956.43
387.6
1300.6
406.98
468.77
1473.12
288.32
620.0
315.52
882.2
456.02
1310.51
788.0
1348.3
1079.2
551.23
2392.5
473.02
1438.0
214.96
306.85
132.6
225.25
1271.83
1590.7
900.0
1686.8
1876.0
646.42
1292.5
509.52
783.8
1280.17
606.12
407.15
827.43
87.97
1347.95
277.46
640.05
482.8
361.93
991.8
295.69
1615.77
1152.8
127.54
447.1
1607.18
358.7
300.73
388.45
1460.8
1285.5
157.84
713.6
1592.18
1099.37
1383.62
254.19
89.25
520.62
1021.4
934.05
319.86
2483.0
134.47
2060.0
422.64
265.71
467.93
406.13
813.88
132.6
499.72
932.6
1729.1
2183.5
677.28
1719.12
773.92
346.97
362.1
1552.09
381.14
728.0
912.35
394.06
333.88
133.9
1303.47
494.27
372.3
539.23
1995.38
600.95
313.48
975.45
332.18
1318.6
366.18
1102.0
407.15
1467.38
683.9
526.57
187.0
672.77
1618.92
474.3
214.2
309.4
747.2
354.0
993.45
2012.0
227.9
381.31
386.07
317.9
243.95
385.05
505.32
214.2
477.38
430.95
525.73
1853.92
359.21
2419.5
625.9
590.94
1447.8
610.3
1464.84
1609.75
2393.33
977.25
119.59
633.2
1823.3
1913.72
353.4
1938.45
299.07
217.77
283.05
408.71
861.12
863.4
1893.03
1188.4
558.88
578.42
387.77
1212.8
1123.6
587.77
1397.4
225.25
991.9
349.36
1195.67
945.17
414.46
473.02
605.43
2504.0
269.11
396.44
331.33
1489.21
426.36
1305.75
505.75
251.0
417.19
266.09
470.9
1725.9
518.5
239.02
559.73
267.07
776.6
1028.2
1293.67
1206.4
655.35
391.23
995.25
699.32
504.9
280.16
1580.92
830.4
1197.08
225.16
362.4
123.25
996.2
523.85
882.2
994.4
1042.0
314.48
645.2
59.5
417.69
894.49
686.34
293.08
1670.05
604.91
248.11
1208.33
1708.7
1046.2
1218.1
1116.0
806.0
437.75
288.15
1260.07
921.6
473.53
510.0
924.08
246.41
1191.4
2004.0
1796.3
539.2
1600.0
382.33
286.62
2382.0
225.25
1394.83
1980.5
402.6
324.53
298.01
1489.8
1137.0
894.2
1890.72
1635.47
1975.25
959.6
432.99
1490.95
1140.0
568.65
270.13
613.27
1578.05
678.85
511.7
883.4
990.4
616.25
907.4
1176.8
1039.6
268.77
897.0
1281.92
367.71
144.58
477.32
499.05
259.42
269.28
720.6
1074.4
338.98
1747.1
546.12
225.25
2405.0
2088.3
674.48
1539.12
1419.0
481.37
157.25
368.56
1720.72
736.43
1471.97
89.25
200.6
1867.0
742.4
225.76
1264.66
1049.2
293.25
693.6
366.69
606.92
720.38
711.45
1031.25
1246.0
573.4
568.23
63.75
899.75
1652.85
325.72
938.6
535.94
1486.92
694.58
321.38
1663.09
366.35
1295.15
1735.22
2288.12
636.2
620.92
559.57
1803.32
488.75
1035.4
1189.92
767.12
132.6
292.74
317.43
593.73
1103.8
1393.8
634.52
373.83
259.25
1172.75
746.47
2046.0
1495.2
355.54
1038.45
351.05
1298.0
1921.82
530.4
718.72
104.38
902.28
1293.5
335.07
1769.72
360.06
1322.17
570.77
507.45
431.12
730.2
613.7
1704.17
324.53
1697.85
505.75
262.74
561.42
285.81
159.8
394.23
1200.0
1296.0
1190.8
1354.62
162.35
671.5
355.08
510.85
754.06
776.0
231.54
1036.16
353.77
420.32
334.05
396.02
445.06
1005.8
369.92
1982.0
608.17
1174.91
643.4
789.2
1829.97
1878.97
184.88
89.25
476.43
315.86
883.4
391.34
602.65
1572.73
710.12
204.85
537.2
633.25
244.12
216.11
552.5
1413.6
137.96
2287.55
621.35
2127.4
1918.95
889.01
1475.78
631.3
419.56
475.15
192.1
431.29
258.23
695.06
782.0
1055.78
628.15
1144.6
2147.3
1201.12
467.03
273.02
249.56
478.55
832.39
502.35
1096.6
259.25
180.12
397.63
1219.6
515.1
348.33
1036.8
435.54
1537.53
394.57
502.35
1062.4
1280.78
201.93
315.17
428.87
1198.36
359.21
1126.0
505.75
697.4
448.8
313.82
298.35
785.0
330.31
2183.5
397.63
438.6
215.64
467.5
861.2
415.0
978.8
591.6
444.97
367.18
1028.25
1165.4
1955.12
288.49
1588.24
263.67
845.0
1213.0
1011.4
1858.5
794.0
270.47
1254.0
484.93
445.23
214.79
173.4
534.65
2122.8
262.14
132.6
928.3
1065.3
1933.9
473.02
1306.33
1348.7
348.54
286.79
348.67
216.11
285.94
1593.67
571.4
200.86
1324.15
755.65
1776.04
364.48
2178.57
197.54
1278.0
487.05
1522.8
1011.8
197.71
880.61
1185.2
437.24
1728.61
252.96
573.32
929.0
980.0
1783.78
174.42
1284.4
996.75
925.4
888.2
1470.0
472.64
727.4
497.25
331.59
2281.5
1326.11
916.8
274.04
1327.12
1283.5
2263.5
538.25
486.2
774.35
547.4
183.17
414.16
1221.78
1182.2
318.24
800.4
507.88
524.88
1033.6
322.66
255.98
361.2
1301.47
264.18
157.6
554.2
1489.22
560.57
304.3
2249.0
1298.03
1909.02
1432.8
875.0
1665.46
1294.58
956.0
302.13
1277.8
352.24
591.6
473.02
975.2
1887.68
363.29
1099.22
1103.8
197.71
2114.0
1016.85
301.41
2425.0
1026.0
432.31
30.6
2266.28
214.37
386.75
368.9
564.44
344.08
2293.3
1042.0
381.65
711.0
1052.2
623.05
1040.2
296.14
1890.0
707.6
2140.0
477.7
1749.05
104.38
429.25
606.72
490.88
604.35
366.86
1840.0
1645.97
1015.4
2029.5
1422.0
190.31
304.81
205.53
213.86
214.2
377.4
446.25
342.93
1375.2
462.82
1503.0
655.35
331.5
965.0
1372.92
356.83
844.4
915.6
1113.8
479.14
527.46
1122.2
439.45
1152.5
526.57
1276.09
454.41
892.3
2071.5
533.8
1312.6
888.2
306.34
365.19
768.4
1720.96
586.6
341.02
1040.38
362.96
658.81
1680.5
457.68
1945.92
504.47
353.77
374.17
1470.18
637.68
472.6
214.2
1472.68
425.2
1076.8
444.21
254.0
813.97
839.75
1117.12
1218.53
1930.43
1238.17
579.3
396.6
2272.0
873.02
435.88
542.3
123.25
1216.38
551.65
632.0
319.27
475.57
1318.5
498.52
374.0
1249.47
620.92
2059.91
1258.5
708.8
531.67
1885.03
1565.82
489.18
1348.54
348.84
477.27
292.74
1013.6
1084.4
1710.5
745.4
206.63
339.87
1203.71
1053.7
234.76
1279.05
498.52
626.45
1547.27
416.67
1768.7
1882.1
1311.5
259.25
839.0
686.0
1856.8
515.1
439.88
1620.1
144.58
379.1
711.02
332.52
281.61
319.91
251.77
577.57
941.1
1231.07
333.54
887.0
1551.04
2198.5
320.11
1788.12
338.98
425.85
687.23
1038.85
226.27
392.87
227.63
259.25
287.3
259.25
276.76
1117.0
283.9
1782.25
1627.06
180.71
1127.03
1705.32
512.12
1324.5
760.4
518.5
645.8
159.8
1938.64
120.19
1929.5
844.4
1078.6
667.2
399.33
557.8
59.5
165.32
377.06
1810.1
716.42
1429.2
2236.0
1917.75
1434.28
2138.0
283.39
274.55
1308.5
1013.2
2293.88
373.32
768.87
2288.0
444.21
373.15
1732.5
2571.0
244.12
312.12
374.85
789.8
1557.2
1603.49
422.28
1104.4
866.0
2477.0
290.53
998.85
425.85
1474.2
1428.67
2108.5
491.78
793.4
676.09
1104.4
2042.57
248.39
359.04
234.6
2560.0
1704.17
1369.19
1919.53
402.73
291.38
1691.67
348.13
369.41
453.9
512.76
2352.5
579.7
2268.5
1647.62
473.62
1183.0
966.8
539.32
30.6
1527.0
1453.11
498.92
552.07
706.52
1347.32
1342.6
1499.4
200.6
732.2
305.15
512.12
1702.9
1202.27
716.74
1301.26
1337.33
776.94
266.9
89.25
485.77
216.11
938.8
384.71
1262.8
1792.15
549.1
291.55
2112.0
989.0
731.72
415.65
490.45
290.33
604.2
1501.32
1566.93
391.17
1797.78
1956.28
754.2
467.29
546.12
741.08
1719.0
434.38
2249.0
433.47
1498.8
1568.1
433.11
1122.2
577.57
2268.0
1718.12
1904.85
765.2
1750.41
336.09
1233.62
573.32
1277.0
244.46
216.11
2363.5
961.4
397.31
1110.0
1193.2
226.44
255.51
294.27
517.23
293.42
305.49
1658.85
456.88
944.0
998.85
245.33
234.0
220.49
2253.5
2187.5
556.52
903.6
302.77
2179.5
123.25
576.3
803.89
1485.92
580.0
915.0
2300.2
816.2
59.5
457.98
1747.5
1025.0
470.6
671.0
1024.4
278.63
2165.5
248.71
1296.88
1514.4
428.18
408.34
425.43
299.2
516.38
338.52
1617.15
472.18
473.45
718.44
746.83
2033.38
538.48
557.17
334.73
321.47
548.25
378.59
1499.56
380.63
1208.0
1073.6
539.75
1329.0
456.45
489.56
532.98
904.48
306.51
712.73
1616.93
527.42
2504.5
2237.5
417.69
1266.5
978.0
1160.72
1041.8
416.64
1012.0
258.06
1884.72
732.8
690.2
1066.0
370.26
442.34
359.72
1685.07
124.95
440.6
888.88
216.11
193.12
1954.55
493.0
2160.18
1065.4
616.67
508.3
475.3
1117.93
504.9
1306.6
1405.2
635.0
936.67
993.2
549.54
1165.2
367.54
857.0
1270.0
1533.06
660.88
1018.2
157.25
199.66
729.8
688.5
297.84
456.88
307.44
448.8
288.49
1742.0
2224.0
1462.44
1879.0
1142.0
408.85
1150.6
299.71
1320.7
354.78
2057.0
406.81
326.91
930.8
454.32
1289.65
337.25
450.93
1035.2
146.2
997.2
1777.7
616.67
325.21
164.31
275.23
486.2
1021.0
274.38
1907.45
1383.0
333.71
2170.5
431.97
1125.6
1486.92
1486.65
488.13
224.4
532.1
274.55
735.2
2430.5
1245.5
1148.8
372.64
684.67
567.48
688.4
1689.71
816.8
1253.8
579.7
723.2
421.45
403.58
577.8
1109.8
508.28
1618.3
495.97
538.9
839.27
969.85
392.77
301.34
1560.04
547.4
1502.21
1083.7
511.7
246.33
410.04
364.99
574.6
275.57
568.2
2559.5
218.96
1069.8
929.45
968.89
2097.5
159.8
666.8
2039.5
1873.8
206.21
358.02
293.08
1393.86
1729.5
1215.22
270.13
692.75
232.39
2415.0
1016.6
1762.1
1103.2
187.0
1574.02
311.95
983.6
1336.96
2012.67
266.69
1543.05
1521.6
1131.0
1021.4
413.96
1212.35
678.2
2454.0
552.92
1352.9
410.72
1594.24
2270.5
187.85
264.9
1270.1
354.62
953.6
1141.59
415.65
1223.28
938.22
558.02
1034.25
474.33
904.11
516.2
444.01
602.65
948.58
359.4
2138.0
977.0
335.75
2528.0
504.9
332.01
1059.55
1117.0
491.72
647.4
329.46
2082.0
1665.53
1679.32
2569.0
1264.92
493.43
1771.47
430.3
718.76
1597.02
213.86
1426.8
450.68
231.03
541.88
265.03
2111.0
736.81
2253.5
2542.66
667.4
371.88
410.55
1788.57
552.5
408.85
893.72
593.73
1735.1
440.98
1025.6
1455.6
2265.5
550.8
568.6
881.0
1193.09
662.57
233.92
1876.4
586.8
1547.55
397.63
89.25
232.73
311.44
1519.17
409.64
435.88
1505.4
289.34
403.75
2259.5
250.75
920.0
681.2
1190.2
1672.35
632.46
463.25
440.38
753.37
1006.08
336.43
823.17
566.95
293.25
2274.32
550.8
1736.38
1035.97
1317.57
807.65
1887.0
548.67
1500.6
2124.0
2409.0
533.8
1718.55
996.88
380.29
1825.75
314.67
324.57
2332.5
1929.52
539.32
1243.38
296.48
2432.5
1140.4
440.72
361.93
548.67
1251.0
492.57
1016.8
632.6
371.28
328.44
967.05
418.2
1889.9
1888.5
457.72
478.03
912.2
333.88
2413.0
1739.25
242.59
258.82
1493.45
339.83
540.6
510.43
1010.67
538.26
1065.2
566.52
475.15
2184.5
1013.0
1084.16
515.95
254.66
1253.5
1073.0
1296.5
177.99
466.85
512.6
1236.5
259.25
399.93
310.29
354.79
477.7
1480.35
2416.0
703.8
503.86
805.4
460.04
987.2
2296.14
399.84
401.37
465.97
291.71
653.0
2086.5
1975.88
1574.44
316.88
719.0
1004.53
1307.28
1038.45
298.01
443.19
1478.4
1173.83
1346.4
411.82
1067.8
1125.0
1738.55
2126.5
1899.5
541.02
1066.0
292.06
906.48
1702.19
747.8
1147.4
1159.6
446.68
1070.12
642.6
546.12
259.25
1694.97
932.0
331.5
1707.5
642.2
1856.5
1797.78
436.9
262.65
1335.4
345.78
1208.33
426.7
546.55
200.6
194.99
1530.35
965.43
1655.57
452.62
700.4
566.79
393.6
1595.89
273.23
319.96
523.4
1063.6
427.05
799.8
739.9
663.2
534.4
469.2
921.6
340.68
730.15
447.78
1241.8
739.92
512.98
363.64
827.0
2278.35
254.15
575.45
515.04
417.69
378.25
195.5
1127.8
1185.2
254.49
1299.75
1016.6
1514.73
429.76
307.74
492.27
420.75
1358.4
1334.15
860.0
1353.0
1187.0
809.6
688.51
348.84
508.35
1645.4
376.04
313.26
2050.0
1212.6
2196.5
159.8
298.18
420.75
1031.0
232.81
450.93
1755.22
1701.75
844.71
377.06
899.93
611.57
886.2
1355.24
1661.98
259.25
2088.3
1353.56
1346.35
1301.5
1111.6
2566.5
1949.95
1010.2
367.88
1380.0
821.4
225.76
280.59
541.45
473.0
371.64
270.08
160.14
319.77
1942.47
1158.05
330.14
708.21
245.87
785.6
1229.03
583.52
288.15
2269.0
193.03
1309.2
890.43
1991.97
460.93
1529.47
769.4
2183.5
245.14
475.71
2290.43
1273.0
592.52
1886.75
657.05
530.82
2461.5
1283.9
464.4
1195.6
1722.94
269.11
529.07
442.17
1243.5
1312.2
1324.5
568.65
343.57
2433.5
2486.5
253.0
1195.0
1816.78
1070.8
183.77
974.4
213.9
2086.5
516.4
923.6
1898.0
1016.06
1087.15
397.38
1648.2
643.2
285.81
439.02
1283.9
199.9
424.04
572.48
1703.6
1327.0
683.82
1402.2
648.0
2114.5
401.62
601.39
2399.0
218.11
1882.0
677.47
478.55
1617.72
1817.32
1669.55
279.29
555.9
533.2
712.73
2079.68
1241.0
290.19
1692.03
567.38
940.05
205.44
1313.04
975.8
1883.3
1360.51
422.11
1717.9
839.6
200.6
412.42
284.75
869.0
530.4
2251.5
1066.6
307.12
1325.96
1113.8
2523.5
628.4
1756.38
524.45
2272.03
277.14
2254.5
894.6
384.71
789.8
430.95
231.54
89.25
1006.26
313.82
496.04
490.02
1242.0
391.0
415.99
676.4
146.2
511.0
2579.0
1162.0
449.65
502.35
89.25
485.77
256.53
987.1
387.67
1010.2
401.71
1221.55
1752.35
2311.12
337.79
321.47
433.16
1092.4
306.77
1882.42
181.31
315.52
1382.4
1153.4
1656.09
1104.23
976.17
451.77
288.26
312.8
290.7
769.4
1308.05
159.8
2279.0
234.94
1091.75
407.32
452.8
491.58
565.95
1317.83
1712.8
157.84
123.25
924.8
1574.54
2121.5
1495.8
556.75
1925.85
335.75
335.41
527.85
541.45
1046.25
1323.32
1343.5
2281.0
869.0
1469.09
242.25
344.59
1351.0
927.6
458.15
1947.7
295.63
1331.95
173.4
754.8
259.25
313.81
891.0
250.58
320.96
377.23
397.97
2289.0
277.27
373.66
724.2
344.25
300.56
236.98
383.52
261.29
255.8
1375.2
328.52
419.73
674.71
391.2
1975.5
512.28
1279.0
1543.34
531.4
532.1
723.17
942.2
1147.4
392.14
703.4
279.48
259.1
2416.0
1777.7
830.0
374.17
540.4
451.77
583.0
982.65
445.4
2535.94
1104.4
836.6
356.66
1919.5
641.75
1572.08
214.2
268.09
457.98
1809.74
1658.1
279.99
425.43
243.95
1647.05
636.8
1436.01
2312.0
679.57
518.92
329.97
1134.5
1009.26
359.97
451.35
359.89
214.2
432.79
920.0
418.03
1234.2
352.07
1733.3
521.9
98.43
708.09
2524.0
2248.5
1161.0
346.8
229.5
459.51
301.92
2181.0
318.41
423.3
994.37
369.75
1316.24
206.39
1692.98
247.87
649.82
891.0
946.74
324.7
489.51
2248.26
532.95
2141.0
488.75
374.44
594.15
1195.1
726.75
220.49
216.11
243.1
508.3
372.47
179.78
460.7
2425.0
218.8
1482.45
248.2
399.5
468.01
407.49
2248.5
433.07
1111.0
519.79
213.2
1301.15
2453.0
522.32
1852.78
272.85
340.68
254.49
2298.47
513.66
759.8
348.16
732.7
816.75
512.55
694.02
1041.4
1799.3
827.77
1361.21
734.6
589.05
330.31
313.65
552.5
1314.95
703.69
342.72
1192.4
1170.4
1698.42
2070.5
968.6
549.54
539.75
146.2
386.58
1220.4
682.4
356.83
230.35
579.9
932.36
2098.65
303.28
921.32
1224.42
1165.2
1041.4
743.24
2080.5
458.57
1215.22
578.42
358.87
578.0
400.35
2021.5
477.7
531.91
692.32
318.92
159.8
1729.7
306.0
502.35
340.0
570.35
1940.75
586.9
438.6
967.2
1564.82
714.85
1474.2
735.2
385.2
822.8
646.85
915.2
418.71
1983.5
1999.97
391.68
1901.07
123.25
989.85
251.09
995.8
572.49
284.16
332.35
364.48
342.89
295.38
844.45
881.3
767.0
1780.32
1776.5
1401.53
1612.62
473.45
361.42
937.65
206.63
1458.18
1062.45
2200.0
157.25
1202.55
1640.99
918.6
323.17
982.5
259.25
1054.4
524.88
924.2
2259.0
1981.0
842.72
277.95
865.4
675.64
520.2
242.61
1837.25
518.5
1183.6
699.8
459.0
439.32
476.43
1264.02
432.82
242.84
543.05
233.75
1707.62
1041.2
674.41
553.77
742.4
1119.8
916.8
197.03
572.9
1465.03
444.97
313.48
1244.0
1336.65
1992.5
334.39
1369.2
421.6
666.2
1735.03
723.32
349.01
2010.0
280.14
838.23
1363.74
413.95
2233.0
1505.18
2300.5
633.67
1566.42
2093.0
216.11
576.3
187.0
746.47
971.25
372.77
1798.35
533.67
1517.61
1838.5
1749.88
327.07
1640.8
2327.5
355.81
1517.12
1038.8
225.25
375.53
1014.7
479.85
2244.0
1233.8
1132.4
519.8
258.06
420.75
1544.01
712.4
823.17
583.1
2578.0
239.53
1622.97
547.4
974.11
457.32
548.25
1169.2
558.4
555.48
210.46
459.85
252.36
315.39
477.27
453.9
707.0
1148.92
1173.83
1136.42
1565.24
350.2
826.62
836.0
831.12
356.49
380.29
2254.0
1662.0
2153.28
447.8
1267.5
266.22
260.61
513.4
1935.57
182.75
483.65
266.9
2148.1
444.72
680.23
317.39
1919.53
448.03
337.29
681.61
1035.45
1081.6
311.44
1153.0
555.05
1651.72
819.8
336.43
562.27
1568.39
325.21
385.32
399.67
1780.65
458.57
463.25
1898.0
146.2
344.08
875.4
251.77
443.48
2352.0
985.22
1610.27
816.2
689.5
453.22
299.99
299.0
1737.74
1297.7
1466.4
394.8
2001.5
981.35
678.44
2001.0
2257.5
847.4
1928.67
1278.0
2430.0
1105.0
1730.5
295.29
1033.0
251.79
1565.54
1169.22
1339.0
370.26
954.33
328.01
698.6
1065.8
329.46
1783.53
527.85
316.37
1141.8
424.57
1334.8
303.79
1108.5
236.64
1040.8
657.48
810.8
489.6
514.25
484.68
390.44
1850.0
700.76
634.52
294.44
1211.42
1887.03
351.39
669.54
463.68
588.2
944.6
235.45
2071.5
630.36
1586.72
1371.0
194.99
589.52
2384.5
1642.45
456.02
1314.6
1676.57
1013.4
477.19
1256.2
337.83
498.52
1982.0
1336.6
1581.81
383.86
436.22
123.25
1598.75
727.84
788.6
286.79
462.06
2276.0
200.26
59.5
1184.6
867.02
419.05
633.67
1403.57
337.28
272.68
425.34
989.0
493.0
406.3
571.62
59.5
406.81
334.05
972.15
203.06
330.99
313.82
1971.85
824.6
258.91
447.1
2435.0
1763.85
613.13
442.51
555.8
521.48
289.0
1602.9
315.01
419.9
275.06
257.38
384.71
925.4
577.83
2235.5
159.8
376.89
1202.3
1339.0
1031.38
2250.5
1075.6
2379.0
1513.8
1782.88
483.65
207.23
1031.2
872.43
798.2
542.7
595.95
89.25
1902.28
504.47
203.91
1527.52
320.95
356.32
2495.0
1682.2
565.16
535.0
225.25
404.94
880.4
1175.55
1813.7
1027.6
214.75
146.2
417.86
987.67
1149.8
1115.24
1985.5
1780.9
283.39
745.2
2551.5
507.51
468.77
1285.95
845.6
2094.05
1505.22
1577.74
1985.07
633.2
529.0
180.7
581.4
270.36
1013.12
455.43
1843.57
246.75
313.99
1312.2
2307.5
563.12
87.72
275.91
1364.56
2408.5
157.25
1997.72
1674.7
2277.2
132.6
487.05
557.96
914.0
311.19
433.5
146.2
1272.92
1337.1
1637.85
1017.8
264.18
437.6
1628.07
1289.97
386.58
1307.89
833.26
899.24
249.56
475.57
1612.14
1343.9
289.85
381.14
1425.15
746.73
1008.95
1261.0
331.16
1200.4
1459.9
656.2
1390.0
1228.16
59.5
264.18
340.61
812.4
664.8
305.83
2122.0
469.62
286.28
629.85
1182.58
2116.0
734.74
465.64
751.3
907.05
638.34
649.27
264.18
559.73
260.44
562.65
765.2
271.32
524.12
586.92
1000.4
379.61
474.72
2246.0
593.2
723.08
282.75
363.46
416.16
728.0
123.25
713.9
2324.72
385.73
1882.67
418.37
200.2
2307.0
457.3
1116.4
1053.22
386.41
1143.4
665.98
370.8
254.15
1539.01
535.0
728.96
212.5
279.39
755.6
1200.19
657.8
976.17
340.0
500.22
315.52
157.25
560.15
432.22
1178.6
1315.62
501.07
482.8
578.12
278.63
1093.47
539.75
673.4
377.57
2092.0
1709.0
526.57
638.35
565.67
458.15
1963.03
320.45
366.69
991.65
544.42
1313.8
1631.66
748.54
189.12
146.2
185.58
325.04
1916.6
893.6
671.5
2143.0
370.6
221.51
325.72
1006.05
2340.0
155.12
301.62
831.2
173.4
1026.4
1442.18
271.83
164.45
282.74
763.4
520.2
563.12
1786.28
346.12
246.41
433.5
232.14
1928.1
337.45
398.99
89.25
324.81
477.27
225.25
1198.53
322.83
486.2
1037.25
1452.0
498.52
708.2
1587.68
396.61
791.6
1497.6
493.85
476.43
189.38
568.17
1574.02
123.25
244.46
432.68
977.5
1463.87
333.54
1194.49
310.16
432.68
457.3
863.0
676.09
1057.0
1845.0
1381.8
325.38
386.92
952.4
881.99
894.6
490.88
251.57
942.29
562.7
2432.0
393.6
2419.5
294.61
450.93
209.78
336.43
1225.4
687.82
320.45
632.82
1053.63
913.04
2204.0
215.9
1040.2
1780.1
423.3
2274.9
1661.48
904.07
1349.8
1623.67
261.97
1351.9
1208.0
295.16
655.2
214.2
299.88
1126.71
784.4
1470.53
1225.76
215.64
307.7
710.0
430.95
507.02
1077.95
1299.75
1757.53
442.68
771.8
333.37
1887.32
457.72
1718.65
1850.47
1378.2
521.05
568.11
538.05
1428.16
1282.43
1712.8
324.19
1242.33
527.42
375.36
1691.4
1032.8
295.97
369.41
575.02
437.75
938.6
1282.5
584.2
1010.8
940.38
227.46
398.48
752.6
1286.53
1060.65
304.64
697.4
470.19
565.88
286.62
1145.8
1880.38
371.96
525.68
376.23
568.23
107.1
254.15
927.45
783.73
375.7
1782.38
2278.5
572.31
1981.05
753.2
977.85
590.75
1731.5
959.0
228.14
1194.4
1091.8
2149.0
1867.0
289.89
1802.5
2538.5
670.65
1063.58
200.26
259.25
430.52
601.16
1111.6
755.0
1163.45
705.0
578.0
478.12
1003.62
978.45
241.06
870.95
219.81
493.0
1275.22
571.0
474.3
1605.15
243.51
770.9
248.96
1477.72
405.79
1568.38
1879.5
577.83
2156.5
1302.6
1106.5
467.07
574.17
409.27
1713.13
260.78
353.26
373.83
1239.4
420.24
1859.25
187.0
1321.2
600.52
464.95
521.9
2269.72
669.38
1312.4
697.48
2432.5
1885.0
1167.4
245.99
701.03
1744.42
436.81
612.42
387.77
211.48
429.25
573.4
487.9
1298.0
269.7
157.25
1667.25
1041.0
495.12
1444.39
1512.0
868.19
771.2
1186.8
359.38
319.77
1111.4
240.55
1398.64
679.57
627.73
1565.76
947.6
383.35
232.73
381.31
498.1
441.57
288.17
596.5
2095.0
388.23
291.85
189.55
214.2
1250.0
393.55
1459.75
591.6
517.23
159.8
2129.12
1729.47
489.18
1496.4
897.2
1184.0
1154.8
1235.56
1121.2
1175.8
857.67
1038.4
1526.4
899.93
586.07
1732.5
89.25
692.6
481.1
350.07
1285.38
1664.88
434.52
590.36
1376.69
476.0
791.6
456.45
1889.5
853.65
1861.5
1191.8
494.27
473.04
984.2
1299.0
522.75
2140.62
146.2
789.0
170.85
699.12
1047.83
213.52
1721.5
1066.0
1888.75
456.02
1328.5
2181.0
453.05
282.88
981.2
456.45
1352.29
984.6
228.67
595.4
544.0
657.05
710.84
1717.89
366.86
396.61
331.67
485.35
2367.0
1731.2
961.4
2317.5
1173.96
517.8
485.23
1296.3
779.6
727.4
1138.0
1314.0
2362.95
1786.28
429.08
1332.53
894.2
199.24
1512.6
703.8
2250.0
279.69
281.01
478.55
214.2
491.51
1573.87
954.8
1858.28
447.95
459.0
334.22
465.91
315.35
256.19
1093.0
310.76
89.25
493.43
677.63
294.61
263.46
396.27
304.27
347.82
452.2
529.55
1093.4
1706.57
2124.0
214.2
1074.5
1971.0
177.73
1717.28
123.25
123.25
2414.0
1251.09
459.51
275.23
326.74
532.5
132.6
1000.4
1036.6
2307.5
2158.5
324.69
261.97
465.99
279.65
707.6
419.22
689.6
546.12
2177.5
577.39
30.6
761.0
1249.5
531.67
572.05
929.25
1292.53
369.22
1824.03
1075.0
223.97
885.7
634.4
244.71
1910.5
265.71
1306.2
1020.45
326.57
628.45
219.98
146.2
1655.32
547.21
192.61
351.75
1392.6
248.88
608.86
1234.2
369.75
1963.75
457.3
1503.74
921.7
493.0
855.73
384.71
510.43
173.4
478.47
1170.4
259.25
930.45
370.94
1494.6
528.27
2034.5
465.97
362.49
1735.8
192.95
1253.0
557.17
1182.8
1281.92
912.8
364.65
445.82
1747.3
1183.4
1989.0
535.07
1115.43
305.83
343.57
455.43
700.4
523.62
300.22
320.45
2398.0
401.5
306.85
994.6
135.06
162.94
1276.17
289.85
206.38
849.0
59.5
526.15
412.59
1719.0
680.0
271.85
1200.0
1014.01
342.32
740.77
450.93
366.69
1073.6
284.92
1158.2
1148.6
578.0
923.6
1174.4
774.2
243.44
510.0
665.12
87.97
935.4
215.64
436.28
287.57
1016.0
1745.23
692.6
362.64
372.3
1142.9
348.16
1449.3
1519.2
1008.95
473.45
397.8
461.12
490.02
992.0
545.7
1229.6
1152.2
2177.5
1337.24
336.43
146.2
511.27
813.8
1006.08
1309.53
1029.2
516.8
571.62
2065.88
1889.0
448.38
263.16
319.43
1280.78
426.19
256.57
1163.71
1240.0
2552.5
505.75
2182.5
824.33
157.25
930.2
1254.58
461.55
269.54
752.4
1258.0
553.24
1716.42
701.25
988.0
293.93
359.49
306.85
1165.4
212.58
656.6
752.6
1345.2
2318.0
1299.6
755.8
511.88
1647.05
541.0
671.92
1239.4
1063.05
436.22
837.56
535.42
490.45
375.02
1571.72
561.85
250.92
190.82
2036.25
288.47
555.4
259.25
146.2
1738.33
725.6
551.23
397.8
696.8
197.02
1542.21
1078.53
209.27
389.13
1828.25
944.5
739.47
873.2
357.6
1888.47
966.2
124.36
2262.0
2004.0
466.99
728.0
656.6
730.8
1468.53
602.23
428.57
118.58
429.08
486.2
493.85
378.42
1735.1
402.9
1115.2
466.22
422.11
1323.6
1014.2
89.25
264.18
384.2
123.17
476.0
404.6
1041.4
789.8
390.95
1428.59
1009.65
2508.0
547.82
666.4
177.73
1297.87
216.24
1107.4
1703.53
1592.42
189.63
994.58
546.12
1166.92
376.13
467.93
2401.5
1325.33
241.4
1672.53
1263.0
396.6
356.49
548.16
1013.85
1119.89
220.41
299.03
1139.0
952.6
1055.4
304.3
2301.5
1189.84
2536.01
293.08
335.41
327.73
1088.8
2113.5
426.27
274.63
1150.0
286.11
1107.0
550.38
585.15
417.01
250.49
299.54
242.25
1110.2
561.85
570.35
1150.0
705.6
1639.57
1049.85
540.17
1817.12
473.02
1682.2
643.88
470.47
517.23
470.28
224.91
1434.62
703.4
281.86
2264.5
1255.5
216.11
259.76
1771.45
1000.65
184.6
962.66
386.41
545.7
2313.0
1878.0
1217.0
1825.38
364.8
1737.5
1105.76
367.37
199.75
421.18
279.79
1272.4
434.35
902.4
251.43
313.82
1783.91
1332.6
511.7
352.75
2273.0
427.55
769.4
383.69
893.6
157.25
409.64
1051.65
604.8
384.03
296.65
466.22
1054.6
554.62
555.4
481.23
850.8
525.3
2017.17
376.72
1993.12
432.22
1105.4
1989.62
263.67
508.63
935.87
476.43
835.4
328.61
659.6
1813.1
434.35
995.2
549.95
247.05
710.17
280.02
930.8
427.72
294.1
262.99
1808.26
159.8
1004.6
431.28
2338.0
290.36
1050.6
1744.42
555.06
464.95
162.94
575.45
588.2
232.58
1419.4
841.0
397.56
216.11
270.3
228.48
187.0
716.6
1738.36
269.54
2303.0
172.7
302.09
601.98
268.26
843.3
554.49
2213.0
724.62
1448.97
888.2
1027.4
2219.5
347.99
276.93
230.69
355.3
555.8
1703.5
462.1
725.0
1191.97
1397.08
327.25
1001.27
382.84
2132.57
272.17
594.15
526.2
653.0
1588.05
1116.8
777.8
895.79
1063.0
226.27
2281.5
1597.92
479.4
417.35
1772.3
532.1
380.63
452.2
2354.0
646.4
359.72
581.8
954.2
2556.5
1693.12
259.42
159.8
502.35
262.03
984.2
365.59
472.6
259.25
433.67
1579.2
568.65
2267.0
1442.4
175.1
191.93
331.67
1476.97
727.15
484.5
968.85
1014.8
1131.6
2259.0
1102.6
1116.0
1970.65
532.52
448.97
539.88
746.3
294.27
1080.4
200.6
1449.0
1675.88
1452.0
447.95
549.95
146.2
316.41
624.1
524.02
888.8
